0.0
0.0
0.0
0.0
0.0
0.0
0.0
0.0
0.0
0.0
0.0
0.0
0.0
0.0
0.0
0.0
0.0
0.0
0.0
0.0
0.0
0.0
0.0
0.0
0.0
0.04
0.13999999999999999
0.24
0.2833333333333333
0.3666666666666667
0.45
0.5333333333333333
0.6166666666666667
0.7000000000000001
0.7833333333333333
0.8833333333333333
0.9
1.042857142857143
1.1857142857142857
1.3285714285714287
1.2875
1.4124999999999999
1.5374999999999999
1.6624999999999999
1.7874999999999999
1.9124999999999999
2.0374999999999996
2.1624999999999996
2.033333333333333
2.144444444444444
2.255555555555555
2.3666666666666663
2.4777777777777774
2.5888888888888886
2.755555555555555
2.922222222222222
2.78
2.9299999999999997
3.1100000000000003
3.31
3.5200000000000005
3.7699999999999996
4.02
4.27
4.52
4.77
5.06
5.359999999999999
5.659999999999999
5.959999999999999
6.26
6.589999999999999
6.9399999999999995
7.289999999999999
7.640000000000001
7.99
7.6090909090909085
7.972727272727272
8.336363636363636
8.7
9.063636363636363
9.427272727272726
9.827272727272726
10.236363636363636
10.645454545454545
4.681818181818182
0.6636363636363637
0.3111111111111111
0.4222222222222222
0.5333333333333333
0.58
0.6799999999999999
0.78
0.8800000000000001
0.890909090909091
0.9818181818181819
1.0727272727272728
1.1636363636363638
1.1833333333333333
1.3083333333333333
1.4333333333333336
1.575
1.6076923076923075
1.7615384615384615
1.9153846153846152
2.069230769230769
2.064285714285714
2.2357142857142858
2.414285714285714
2.5928571428571425
2.5866666666666664
2.753333333333333
2.9466666666666668
3.146666666666667
3.16875
3.3875
3.60625
3.825
3.835294117647059
4.070588235294117
4.305882352941176
4.5588235294117645
4.555555555555555
4.805555555555555
5.061111111111111
5.338888888888889
5.433333333333334
5.711111111111111
6.0
6.305555555555555
6.2631578947368425
6.5736842105263165
6.889473684210526
7.205263157894737
7.1450000000000005
7.45
7.775
8.1
8.023809523809524
8.333333333333334
8.642857142857142
8.961904761904762
8.881818181818183
9.222727272727274
9.563636363636364
6.183333333333333
3.3863636363636362
2.213636363636364
1.3409090909090908
0.6095238095238096
0.205
0.0
0.075
0.2
0.325
0.45
0.575
0.7999999999999999
1.05
1.2999999999999998
1.2399999999999998
1.44
1.64
1.8399999999999999
2.04
2.2399999999999998
2.44
2.6399999999999997
2.3666666666666667
2.5333333333333337
2.7000000000000006
2.866666666666667
3.0333333333333337
3.2000000000000006
3.366666666666667
3.5333333333333337
3.1714285714285717
3.3142857142857145
3.4571428571428577
3.6714285714285717
3.8714285714285714
4.228571428571429
4.585714285714286
4.942857142857143
5.299999999999999
5.6571428571428575
6.014285714285714
6.371428571428572
6.728571428571429
7.085714285714286
7.442857142857144
7.800000000000002
7.137500000000001
7.450000000000001
7.762500000000001
8.075000000000001
7.455555555555557
7.733333333333334
8.011111111111113
8.28888888888889
7.75
8.05
8.35
8.65
8.136363636363637
1.8166666666666667
0.4444444444444444
0.5555555555555556
0.6666666666666666
0.7777777777777778
0.8
0.9
1.0
1.1300000000000001
1.1636363636363638
1.3
1.4545454545454546
1.6363636363636365
1.6666666666666667
1.8333333333333333
2.0
2.1666666666666665
2.1538461538461537
2.315384615384615
2.507692307692307
2.7
2.7
2.9142857142857146
3.128571428571429
3.342857142857143
3.3200000000000003
3.546666666666667
3.7800000000000002
4.013333333333334
4.0
1.6176470588235294
0.125
0.22000000000000003
0.32
0.42000000000000004
0.43333333333333335
0.5166666666666667
0.6
0.6833333333333332
0.7666666666666666
0.9333333333333332
1.0999999999999999
1.2666666666666666
1.2285714285714284
1.3714285714285714
1.5142857142857142
1.657142857142857
1.575
1.7
1.825
1.95
1.8444444444444446
1.9555555555555557
2.0714285714285716
2.2142857142857144
2.357142857142857
2.5
2.642857142857143
2.8111111111111113
3.033333333333333
0.3888888888888889
0.45
0.55
0.65
0.75
0.7727272727272727
0.8636363636363636
0.9545454545454546
1.0454545454545454
1.0416666666666667
1.1583333333333334
1.2833333333333334
1.4416666666666667
1.4846153846153847
1.6384615384615384
1.7923076923076924
1.9461538461538461
1.95
2.092857142857143
2.2500000000000004
2.4285714285714284
2.453333333333333
2.6533333333333333
2.853333333333333
3.0533333333333332
3.0562500000000004
3.2750000000000004
3.5
3.7499999999999996
3.7647058823529407
1.8529411764705883
0.54
0.64
0.74
0.8400000000000001
1.0
1.2
1.4
1.6
1.8
2.0
2.2399999999999998
2.54
2.3666666666666667
2.6166666666666667
2.8666666666666667
3.1166666666666667
2.8857142857142857
3.1285714285714286
3.414285714285714
3.6999999999999997
3.4875
3.7375
3.9875
4.2375
4.4875
4.7375
4.9875
5.2375
5.4875
0.35555555555555557
0.42000000000000004
0.52
0.62
0.72
0.7454545454545454
0.8363636363636363
0.9272727272727272
1.0545454545454547
1.0916666666666668
1.2166666666666666
1.3416666666666668
1.4666666666666668
1.4692307692307693
1.6153846153846154
1.7692307692307692
1.9307692307692308
1.9714285714285715
2.15
2.3285714285714287
2.507142857142857
2.5133333333333336
2.7199999999999998
2.953333333333333
3.1866666666666665
3.42
3.6533333333333333
3.8866666666666663
4.12
4.379999999999999
2.242857142857143
0.29230769230769227
0.2333333333333333
0.39999999999999997
0.5666666666666667
0.7333333333333334
0.925
1.175
1.425
1.6749999999999998
1.9499999999999997
2.3249999999999997
2.6999999999999997
3.0749999999999997
3.4499999999999997
3.8249999999999997
4.199999999999999
